4444415666622221 1
4444415666622222 1
4444415666622223 2
4444415666622224 1
4444415666622225 2
4444415666622226 1
4444415666622227 2
444446666467721 -1
444446666467722 -1
444446666467723 -1
444446666467725 -1
444446666467726 -1
444446666467727 -1
44444222272411 1
44444222272412 1
44444222272413 1
44444222272415 1
44444222272416 1
44444222272417 1
444441322226661 2
444441322226662 2
444441322226663 2
444441322226664 2
444441322226665 2
444441322226666 -1
444441322226667 2
444442222477771 1
444442222477772 -1
444442222477773 1
444442222477775 -1
444442222477776 -1
444442222477777 1
44444222272421 1
44444222272423 1
44444222272425 1
44444222272426 1
44444222272427 1
444443676667131 -1
444443676667132 3
444443676667133 2
444443676667134 3
444443676667135 3
444443676667136 -1
444443676667137 -1
444446666222241 -1
444446666222242 -1
444446666222243 -1
444446666222245 -1
444446666222246 -1
444446666222247 -1
44444222272741 3
44444222272742 2
44444222272743 2
44444222272745 3
44444222272746 1
44444222272747 1
4444466662222411 1
4444466662222412 1
4444466662222413 1
4444466662222415 1
4444466662222416 1
4444466662222417 1
44444666622224111 -1
44444666622224112 -1
44444666622224113 -1
44444666622224115 -1
44444666622224116 -1
44444666622224117 -1
444442222477761 3
444442222477762 3
444442222477763 3
444442222477765 1
444442222477766 -1
444442222477767 3
44444156666222221 0
44444156666222222 0
44444156666222223 0
44444156666222224 0
44444156666222225 0
44444156666222226 -1
44444156666222227 0
444445212221771 -1
444445212221772 -1
444445212221773 0
444445212221774 0
444445212221775 -1
444445212221776 0
444445212221777 -1
44444222242711 1
44444222242712 1
44444222242713 1
44444222242715 1
44444222242716 1
44444222242717 1
44444222242771 1
44444222242772 1
44444222242773 3
44444222242775 1
44444222242776 1
44444222242777 1
4444413265222161 1
4444413265222162 4
4444413265222163 4
4444413265222164 4
4444413265222165 3
4444413265222166 1
4444413265222167 7
444446666135631 -1
444446666135632 13
444446666135633 -1
444446666135634 -1
444446666135635 -1
444446666135636 -1
444446666135637 -1
444443676667171 14
444443676667172 14
444443676667173 14
444443676667174 14
444443676667175 14
444443676667176 14
444443676667177 -1
44444753333551 2
44444753333552 2
44444753333553 2
44444753333554 2
44444753333555 1
44444753333556 3
44444753333557 2
444445555577771 2
444445555577772 -1
444445555577773 -1
444445555577774 0
444445555577775 2
444445555577776 1
444445555577777 0
444447322227741 1
444447322227742 -1
444447322227743 1
444447322227745 -1
444447322227746 -1
444447322227747 -1
44444156666222261 0
44444156666222262 -1
44444156666222263 0
44444156666222264 0
44444156666222265 0
44444156666222266 0
44444156666222267 0
444447522226661 2
444447522226662 2
444447522226663 2
444447522226664 2
444447522226665 2
444447522226666 -1
444447522226667 2
44444367666751 3
44444367666752 3
44444367666753 3
44444367666754 3
44444367666755 1
44444367666756 3
44444367666757 2
44444333366661 3
44444333366662 2
44444333366663 2
44444333366664 3
44444333366665 3
44444333366666 1
44444333366667 3
4444475666622221 2
4444475666622222 1
4444475666622223 2
4444475666622224 1
4444475666622225 2
4444475666622226 1
4444475666622227 1
444442222465661 2
444442222465662 2
444442222465663 2
444442222465665 2
444442222465666 -1
444442222465667 2
44444666641222271 -1
44444666641222272 -1
44444666641222273 -1
44444666641222275 1
44444666641222276 -1
44444666641222277 -1
444445212224771 1
444445212224772 -1
444445212224773 0
444445212224775 -1
444445212224776 1
444445212224777 -1
44444333316771 3
44444333316772 3
44444333316773 3
44444333316774 3
44444333316775 14
44444333316776 1
44444333316777 1
44444666613222221 0
44444666613222222 0
44444666613222223 0
44444666613222224 0
44444666613222225 0
44444666613222226 -1
44444666613222227 0
444442222477561 1
444442222477562 -1
444442222477563 1
444442222477565 -1
444442222477566 -1
444442222477567 1
444443333367111 -1
444443333367112 0
444443333367113 0
444443333367114 0
444443333367115 0
444443333367116 -1
444443333367117 0
4444422224231 -1
4444422224232 -1
4444422224233 -1
4444422224235 -1
4444422224236 -1
4444422224237 -1
44444222242311 1
44444222242312 1
44444222242313 1
44444222242315 2
44444222242316 1
44444222242317 1
44444666642551 1
44444666642552 3
44444666642553 2
44444666642555 2
44444666642556 2
44444666642557 3
444446666425511 0
444446666425512 -1
444446666425513 0
444446666425515 0
444446666425516 -1
444446666425517 0
44444521222521 1
44444521222522 2
44444521222523 3
44444521222524 1
44444521222525 1
44444521222526 2
44444521222527 2
4444433336311 3
4444433336312 15
4444433336313 3
4444433336314 -1
4444433336315 3
4444433336316 -1
4444433336317 3
444442222757461 13
444442222757462 13
444442222757463 13
444442222757465 0
444442222757466 -1
444442222757467 13
44444156666222211 -1
44444156666222212 -1
44444156666222213 -1
44444156666222214 -1
44444156666222215 -1
44444156666222216 -1
44444156666222217 -1
4444466662222421 2
4444466662222422 2
4444466662222423 2
4444466662222425 2
4444466662222426 1
4444466662222427 2
444447322227761 12
444447322227762 12
444447322227763 11
444447322227764 12
444447322227765 13
444447322227766 -1
444447322227767 3
444447322227461 12
444447322227462 12
444447322227463 11
444447322227465 13
444447322227466 -1
444447322227467 12
444441566661651 -1
444441566661652 -1
444441566661653 -1
444441566661654 -1
444441566661655 -1
444441566661656 -1
444441566661657 -1
444446666461111 -1
444446666461112 -1
444446666461113 -1
444446666461115 -1
444446666461116 -1
444446666461117 -1
44444222275531 14
44444222275532 14
44444222275533 14
44444222275534 14
44444222275535 14
44444222275536 1
44444222275537 14
44444222275731 14
44444222275732 14
44444222275733 14
44444222275734 14
44444222275735 14
44444222275736 1
44444222275737 14
4444466664631 -1
4444466664632 0
4444466664633 -1
4444466664635 -1
4444466664636 -1
4444466664637 -1
444442222453761 1
444442222453762 -1
444442222453763 -1
444442222453765 -1
444442222453766 -1
444442222453767 -1
444443676667741 -1
444443676667742 1
444443676667743 -1
444443676667745 -1
444443676667746 -1
444443676667747 2
44444666622224731 -1
44444666622224732 -1
44444666622224733 -1
44444666622224735 -1
44444666622224736 -1
44444666622224737 -1
4444473222277661 4
4444473222277662 2
4444473222277663 4
4444473222277664 4
4444473222277665 4
4444473222277666 1
4444473222277667 2
444443333167771 5
444443333167772 14
444443333167773 5
444443333167774 5
444443333167775 4
444443333167776 5
444443333167777 -1
44444222272771 3
44444222272772 2
44444222272773 2
44444222272774 1
44444222272775 3
44444222272776 2
44444222272777 3
4444433331371 6
4444433331372 15
4444433331373 6
4444433331374 6
4444433331375 3
4444433331376 -1
4444433331377 3
44444222247756651 1
44444222247756652 -1
44444222247756653 0
44444222247756655 -1
44444222247756656 0
44444222247756657 0
444442222476661 2
444442222476662 2
444442222476663 2
444442222476665 2
444442222476666 -1
444442222476667 2
44444222247666651 1
44444222247666652 1
44444222247666653 -1
44444222247666655 -1
44444222247666656 -1
44444222247666657 -1
444441566664321 0
444441566664322 -1
444441566664323 2
444441566664325 0
444441566664326 12
444441566664327 12
444442222477651 2
444442222477652 0
444442222477653 0
444442222477655 -1
444442222477656 -1
444442222477657 2
444447322224651 12
444447322224652 12
444447322224653 0
444447322224655 -1
444447322224656 -1
444447322224657 0
4444475222274661 3
4444475222274662 3
4444475222274663 3
4444475222274665 2
4444475222274666 1
4444475222274667 2
4444473222274661 3
4444473222274662 3
4444473222274663 3
4444473222274665 3
4444473222274666 1
4444473222274667 2
444447522227361 13
444447522227362 13
444447522227363 13
444447522227364 13
444447522227365 0
444447522227366 -1
444447522227367 13
444441366663311 -1
444441366663312 14
444441366663313 0
444441366663314 -1
444441366663315 -1
444441366663316 -1
444441366663317 0
44444222245621 1
44444222245622 1
44444222245623 2
44444222245625 1
44444222245626 1
44444222245627 1
444445212224751 3
444445212224752 -1
444445212224753 3
444445212224755 2
444445212224756 3
444445212224757 -1
444447522225361 13
444447522225362 13
444447522225363 13
444447522225364 13
444447522225365 13
444447522225366 -1
444447522225367 13
4444422227375661 2
4444422227375662 2
4444422227375663 2
4444422227375664 2
4444422227375665 1
4444422227375666 1
4444422227375667 1
44444222273756651 0
44444222273756652 -1
44444222273756653 -1
44444222273756654 -1
44444222273756655 -1
44444222273756656 -1
44444222273756657 -1
444446666222241771 1
444446666222241772 1
444446666222241773 1
444446666222241775 1
444446666222241776 1
444446666222241777 1
444446666432231 0
444446666432232 -1
444446666432233 -1
444446666432235 0
444446666432236 -1
444446666432237 0
44444752222666671 -1
44444752222666672 -1
44444752222666673 -1
44444752222666674 -1
44444752222666675 -1
44444752222666676 -1
44444752222666677 -1
4444452122217111 4
4444452122217112 3
4444452122217113 4
4444452122217114 4
4444452122217115 1
4444452122217116 3
4444452122217117 3
